[[[3,8,6,[5,5,0,5]],7,4,[2,[7],[1,0,3],9,7],[[1,10],[3],1]],[],[1,1,2],[2,[10,3]],[9]]
[[2,[5,[5,2,7,7,10],1,[4,10,2,0]],5,[[7,7],7,[1,5,0,3,4]],2],[[[4]],2,4,9,8],[10,[],4,[[8,10,8,2],[1,10,9,3,10],10]]]

[[],[],[[0,[1,5,1],6],[4,3,[9,10],[3]],[[0,5,8,10,1],[7,5,8,6,6],0,[2,8,9,5]],2,[[4,6,7],0,1]],[2,4,[],0,2]]
[[0,[5,[5,7,6],5],[],8]]

[[2,2,[[4,7],3]],[[[],[5,0,0,7],10]],[[[0,2,6],2]],[[9]]]
[[[],0,9,0,5],[[[10,10,1]],[3,9,[1]],[[4,4,8,9,7],9]],[[],1]]

[[4],[[9,[5,5],9],[[7,7,0,1]],1],[[],0,[6,3,5,10],1,2],[4,[]],[3,[[8,5,3,5],1,5],[],[[0,10,8,8,4],9,[]]]]
[[0,[5,[1,8,5]],[10,[0,5,5,0],2],[[]],[10,8,8]]]